G7   4   4   2
G7   0   4   8
G7   -2   4   8
G7   3   6   2
G7   3   -2   2
G7   2   4   8
G7   3   4   -1
G2   3   4   2
G7   3   4   2
C5   2   2   5
F4   2   1   2
F5   2   1   2
D5   3   3   0
H9   1   5   2
C3   2   2   5
E6   2   4   1
E6   3   3   0
G8   2   5   2
B2   2   3   0
A1   2   1   4
F7   3   3   0
H7   3   4   1
B6   2   3   5
H7   2   5   2
G8   3   3   0
H8   1   4   1
H8   3   4   1
G8   2   3   0
H4   1   1   2
H8   2   4   1
C3   3   3   3
C3   3   3   0
I5   2   1   2
H4   3   1   2
H6   3   4   3
A3   3   0   5
D4   3   3   0
D5   3   3   0
F8   1   4   1
C6   3   3   0
H8   2   5   2
D7   3   3   0
I9   1   1   4
E8   3   3   1
F9   3   5   2
B3   3   4   1
G8   3   5   2
B4   3   4   1
F8   3   5   2
B5   3   4   1
E8   3   5   2
B4   3   1   4
D8   2   0   3
C4   2   4   1
C7   2   0   3
C4   2   1   4
B6   2   0   3